f #36f 1 m 40.6 30.8 l 40.6 30.8 l -27.7 30.8 l -27.7 30.8 l -32.45 30.8 l -32.45 154.55 l 44.2 154.55 l 44.2 30.8 l 40.6 30.8 c
f #000 1 m 48.3 -92.15 q 57.3 -90.65 62.35 -83.6 q 67 -77.05 67.3 -67.5 q 67.55 -60 63.5 -48.7 q 62.8 -46.8 59.75 -39.6 q 57.35 -34 56.5 -30.3 q 55 -23.9 57.85 -15.55 q 59.35 -11.15 63.15 -3 l 65.8 -3 q 64.6 -5.9 63 -9.5 q 58.7 -19.3 58.6 -25.8 q 58.5 -29.65 60.6 -34.85 q 63.2 -40.65 64.3 -43.45 q 68.15 -53 69.5 -61.25 q 70.7 -68.9 68.9 -76.05 q 66.85 -84.1 61.6 -88.75 q 53.05 -96.2 37.8 -95.6 q 25.9 -95.15 12.85 -90.2 q -1.8 -83.55 -9.45 -81.2 q -21.8 -77.45 -34.15 -83.25 q -38.85 -85.7 -41.15 -86.85 q -45.35 -89 -48.45 -89.7 q -55.45 -91.3 -66.35 -84.6 q -66.7 -84.4 -66.85 -84.1 q -75.6 -76 -70.6 -61.05 q -69.5 -57.9 -67.2 -53.35 q -65.9 -50.8 -63.25 -45.8 q -58.5 -36.05 -56.05 -28.15 q -50.95 -11.55 -56.4 9.65 q -62.15 31.8 -61.6 45 q -60.85 60.75 -49.45 75.5 q -38.45 89.8 -26.45 93.95 q -15.15 97.9 4.75 92.5 q 24.05 87.15 37.1 81.45 q 53.9 74.2 62.55 62.9 q 62.9 62.45 63.25 62 l 60 62 q 51.65 73 30.7 81.3 q 12.05 88.65 -3.3 91.75 q -23.4 95.8 -36.7 85.05 q -52.35 72.4 -57.35 55.05 q -59.9 46.2 -58.85 34.95 q -58.1 27.2 -55.1 15.1 q -52.3 3.8 -51.45 -2 q -50.15 -11.35 -51.35 -19.4 q -53.05 -31.1 -62.8 -50.8 q -68.35 -62 -69.35 -66.85 q -71.4 -76.6 -64.9 -82.45 q -56.25 -87.65 -50.45 -87.35 q -47.65 -87.2 -44.15 -85.55 q -42.15 -84.6 -38.35 -82.45 q -24 -74.9 -10.3 -78.25 q -4.7 -79.65 5.5 -84.2 q 15.95 -88.85 21.25 -90.25 q 35.8 -94.15 48.3 -92.15 c
f #000 1 m 371.15 259.7 q 369.05 258.3 368.3 255.3 q 367.65 252.6 368.3 249.9 q 368.65 248.5 367.25 248 q 365.85 247.45 365.5 248.85 q 364.55 252.6 365.5 256.2 q 366.5 260.15 369.45 262.15 q 370.65 263 371.5 261.75 q 372.35 260.55 371.15 259.7 c
f #000 1 m 374.3 245.95 q 373.85 241.9 375.7 238.75 q 376.4 237.5 375.2 236.65 q 373.95 235.8 373.25 237.05 q 370.9 241.1 371.4 246.1 q 371.85 250.75 374.65 254.8 q 375.5 255.95 376.65 255 q 377.8 254 376.95 252.85 q 374.75 249.7 374.3 245.95 c
f #000 1 m 384.05 243.15 q 384.05 238.85 386.1 235.65 q 386.9 234.45 385.65 233.6 q 384.45 232.75 383.65 233.95 q 381 238 381.1 243.3 q 381.15 248.85 384.2 252.4 q 385.15 253.5 386.25 252.55 q 387.4 251.55 386.45 250.45 q 384.05 247.7 384.05 243.15 c
f #000 1 m 392.7 241.7 q 393.3 240.4 391.9 239.9 q 390.5 239.35 389.9 240.65 q 388.05 244.6 388.9 249.7 q 389.75 255.2 393.1 257.55 q 394.3 258.4 395.15 257.15 q 396 255.95 394.85 255.1 q 392.3 253.3 391.75 248.85 q 391.3 244.75 392.7 241.7 c
f #000 1 m 462.35 244.8 q 463.8 245 463.95 243.5 q 464.1 242.05 462.65 241.8 q 455.6 240.8 451.2 248.55 q 450.5 249.8 451.7 250.65 q 452.9 251.5 453.65 250.25 q 457.15 244 462.35 244.8 c
f #000 1 m 449.75 244.85 q 450.1 240.55 453.3 237.05 q 456.65 233.45 460.9 233.3 q 462.35 233.25 462.5 231.75 q 462.65 230.25 461.2 230.3 q 455.65 230.5 451.4 234.8 q 447.25 239 446.75 244.6 q 446.65 246.05 448.15 246.15 q 449.65 246.3 449.75 244.85 c
f #000 1 m 452 230.05 q 453.35 229.6 452.7 228.25 q 452.05 226.95 450.7 227.35 q 445.85 228.9 442.45 233.65 q 439.2 238.15 438.75 243.4 q 438.6 244.85 440.1 245 q 441.6 245.15 441.7 243.7 q 442.1 239.15 444.9 235.35 q 447.8 231.4 452 230.05 c
f #000 1 m 439.15 231.7 q 440.45 231.05 439.8 229.7 q 439.2 228.35 437.9 229 q 428.05 233.9 427.4 251.15 q 427.35 252.6 428.8 252.7 q 430.3 252.85 430.35 251.4 q 430.95 235.9 439.15 231.7 c
f #000 1 m 437.35 262.45 q 432.05 264.05 428.55 268 q 424.4 272.6 426.25 277.55 q 428.2 282.9 433.55 286.1 q 438.9 289.25 444.5 288.3 q 453.3 286.8 457.55 270.1 q 457.9 270 458.3 269.7 q 459.45 268.7 458.5 267.6 q 454.65 263.05 448.75 261.8 q 443.3 260.6 437.35 262.45 m 439.75 285.25 q 434.5 284.15 430.55 279.45 q 426.75 274.9 430.55 270.35 q 433.65 266.65 439.15 265 q 443.85 263.55 448.4 264.7 q 452.25 265.65 454.95 268.25 q 453 276.5 449.3 281.6 q 445.75 286.55 439.75 285.25 h c
f #000 1 m 436.35 264.4 q 431.3 266.5 428.9 269.85 q 426.05 273.8 428.05 278.25 q 429.9 282 434.1 284.65 q 438.6 287.45 442.9 287.05 q 450.35 286.3 454.1 275.7 q 455.95 270.9 456.4 268.55 l 457.35 268.6 q 453.9 264.05 447.7 263.05 q 441.95 262.1 436.35 264.4 c
f #000 1 m 370.75 288.6 q 372.75 293.65 378.55 296.15 q 384.3 298.6 389.2 296.6 q 396.25 293.7 399.1 278.3 q 399.35 278.2 399.65 277.95 q 400.8 277 399.85 275.9 q 392.15 267.05 379.65 271.8 q 374.15 273.95 371.5 278.5 q 368.7 283.35 370.75 288.6 m 374.75 289.25 q 371.1 285.15 373.8 280.6 q 376 276.8 380.95 274.5 q 385.25 272.5 389.85 273.4 q 393.6 274.1 396.35 276.55 q 396.3 276.6 396.3 276.7 q 394.95 285.1 391.8 290.2 q 388.8 295.2 383.35 294.35 q 378.6 293.65 374.75 289.25 h c
f #000 1 m 379.1 273.7 q 374.55 276.15 372.5 279.6 q 370.05 283.65 372.1 288 q 374 291.65 378 294.05 q 382.25 296.65 386.2 296 q 393.15 294.85 396 284.1 q 397.75 277.25 397.8 276.85 l 398.7 276.85 q 395.3 272.5 389.5 271.75 q 384.15 271.1 379.1 273.7 c
f #000 1 m 35 17.35 q 26.35 17.6 17.2 23.15 q 8.5 28.6 4.05 31.25 q -3.6 35.7 -9.7 38 q -14.85 39.85 -22.5 41.1 q -22.75 41.05 -23.1 41.2 q -23.7 41.25 -23.95 41.65 q -28.7 44.5 -26.95 49.2 q -25.45 53.15 -20.35 56.85 q -15.4 60.4 -8.05 60.05 q -6.7 60 4.9 58.1 q 19.45 55.8 30.75 52.1 q 32.95 51.35 35 50.6 l 35 47.75 q 27.95 50.6 17.6 53 q 11 54.55 -2.75 56.95 q -11.05 58.45 -16.3 56.3 q -20.6 54.55 -23.35 50.65 q -26.65 46.05 -22.25 43.65 q -9.7 41.75 1.45 35.8 q 8.85 31.85 23.1 22.7 q 28 19.9 35 19.75 l 35 17.35 c
f #000 1 m 428.7 250.4 q 424.55 257.4 424.3 266.1 q 424.1 274.8 428.5 281.8 q 433.45 289.75 441.65 290.15 q 449.8 290.55 454.9 282.1 q 459.05 275.25 459.3 266.7 q 459.3 266.55 459.3 266.4 q 459.3 266.25 459.3 266.1 q 459.05 257.3 455.05 250.7 q 450.25 242.75 441.95 242.35 q 433.75 241.95 428.7 250.4 m 442.7 287.1 q 435.55 288.2 431.1 280.3 q 427.5 274 427.3 266.4 q 427.1 259.2 430.45 253.2 q 434.25 246.4 440.9 245.4 q 448.05 244.35 452.5 252.2 q 456.1 258.5 456.3 266.1 q 456.15 273.7 453.1 279.3 q 449.45 286.1 442.7 287.1 h c
f #d4d7e1 1 m 430.5 282.1 q 435.15 288.65 441.8 288.65 q 448.45 288.65 453.1 282.1 q 457.8 275.55 457.8 266.25 q 457.8 257 453.1 250.4 q 448.45 243.85 441.8 243.85 q 435.15 243.85 430.5 250.4 q 425.8 257 425.8 266.25 q 425.8 275.55 430.5 282.1 c
f #3ff 1 m 14.7 13.9 l 14.7 -15.1 l -15.3 -15.1 l -15.3 13.9 l 14.7 13.9 c
f #000 1 m 184.15 147.75 q 183.3 146.05 183 145.65 q 180.55 142.35 176.75 145.15 q 174.5 147.35 173 148.55 q 172.4 141.75 169.6 140.7 q 166.95 139.7 162.85 142.65 q 158.6 146.35 157 147.3 q 154.25 149 153.7 149.15 q 151.95 149.65 151.6 147.1 q 151.25 144.6 149.05 142.75 q 145.7 140 139 144.75 q 137.85 145.6 138.8 146.75 q 139.8 147.9 140.95 147.05 q 147.75 142.3 148.65 147.6 q 149 149.6 149.4 150.8 q 150.15 152.95 152.95 152.75 q 154.45 152.7 160.1 148.9 q 163 146.9 164.8 145.35 q 169.9 140.95 170.1 151.15 q 170.15 152 170.8 152.5 q 171.45 153 172.25 152.6 q 174.3 151.65 177.2 148.55 q 178.85 146.75 180.3 147.85 q 180.3 147.9 182.5 150.55 q 183.75 152.15 186 151.75 q 186.75 151.65 188.45 150.6 q 191.25 148.9 194.5 151.8 q 195.6 152.75 196.45 151.5 q 197.3 150.3 196.2 149.35 q 192.9 146.35 189.7 146.7 q 189 146.75 186.1 148.55 q 185.1 149.15 184.15 147.75 c
f 0 0 s 1 #000 1 m 170.65 124.45 q 170.65 126.5 169.4 128 q 168.1 129.45 166.3 129.45 q 164.5 129.45 163.25 128 q 161.95 126.5 161.95 124.45 q 161.95 122.4 163.25 120.9 q 164.5 119.45 166.3 119.45 q 168.1 119.45 169.4 120.9 q 170.65 122.4 170.65 124.45
f #fcf5ae 1 m 169.4 128 q 170.65 126.5 170.65 124.45 q 170.65 122.4 169.4 120.9 q 168.1 119.45 166.3 119.45 q 164.5 119.45 163.25 120.9 q 161.95 122.4 161.95 124.45 q 161.95 126.5 163.25 128 q 164.5 129.45 166.3 129.45 q 168.1 129.45 169.4 128 c
f #000 1 m 403.05 336.5 q 394.3 341.65 387.25 344.25 q 381.35 346.35 372.6 347.8 q 372.3 347.75 371.9 347.9 q 371.25 348 370.95 348.45 q 365.5 351.7 367.5 357.1 q 369.2 361.65 375.05 365.85 q 380.75 369.95 389.15 369.55 q 390.7 369.5 404 367.3 q 420.7 364.65 433.65 360.4 q 450.55 354.85 457.4 346.2 q 465.55 335.9 459.85 328 q 455.1 321.5 441.45 320.6 q 430.2 319.9 418.1 327.2 q 408.15 333.5 403.05 336.5 m 371.6 358.75 q 367.85 353.5 372.9 350.75 q 387.25 348.6 400.05 341.75 q 408.55 337.2 424.85 326.7 q 432.5 322.35 444.4 323.55 q 457.75 324.95 459.2 333.85 q 460.05 339.15 455 344.75 q 451.2 348.9 445.4 352.15 q 436.2 357.4 418.55 361.45 q 411 363.2 395.2 365.95 q 385.7 367.7 379.7 365.25 q 374.75 363.25 371.6 358.75 h c
f #d5d7e7 1 m 377 365.35 q 383.5 370.2 401.8 366.15 q 445.8 359.2 456.2 345.35 q 462.1 337.75 460.3 332 q 458.75 327 451.9 324.25 q 445.65 321.75 437.65 322.05 q 429.55 322.35 424.2 325.35 q 407.8 335.75 400 340.05 q 386.8 347.35 372.2 349.35 l 372.3 349.35 q 366.35 352.05 368.95 357.35 q 371.05 361.65 377 365.35 c
f #000 1 m 479.55 238.7 q 477.2 229.45 471.15 224.15 q 461.4 215.6 443.9 216.25 q 430.25 216.8 415.3 222.45 q 398.5 230.1 389.7 232.8 q 375.6 237.1 361.4 230.45 q 356.05 227.65 353.4 226.3 q 348.6 223.85 345 223.05 q 337 221.2 324.5 228.9 q 324.1 229.15 323.9 229.5 q 313.9 238.75 319.65 255.9 q 320.9 259.55 323.55 264.75 q 325.05 267.65 328.05 273.4 q 333.5 284.55 336.3 293.6 q 342.2 312.65 335.9 336.95 q 329.3 362.4 329.95 377.5 q 330.8 395.55 343.85 412.45 q 356.5 428.9 370.25 433.65 q 383.2 438.15 406 431.95 q 428.15 425.85 443.1 419.3 q 462.35 411 472.25 398.05 q 481.2 386.4 483.05 367.6 q 484.5 352.6 479.9 333.2 q 478.85 328.85 472.8 315 q 467.85 303.8 467.75 296.3 q 467.65 291.9 470 285.95 q 473 279.3 474.25 276.1 q 478.7 265.15 480.25 255.65 q 481.6 246.9 479.55 238.7 m 455.9 220.25 q 466.25 221.95 472.05 230.05 q 477.4 237.55 477.7 248.5 q 478 257.1 473.35 270.05 q 472.6 272.25 469.05 280.5 q 466.3 286.95 465.3 291.15 q 463.6 298.5 466.85 308.05 q 468.75 313.55 473.65 323.95 q 480.55 340.1 480.4 361.65 q 480.15 382.05 469.8 396.35 q 460.4 409.4 435.75 419.1 q 414.4 427.55 396.75 431.1 q 373.75 435.75 358.5 423.45 q 340.55 408.95 334.8 389 q 331.9 378.9 333.1 366 q 333.95 357.1 337.4 343.2 q 340.6 330.25 341.55 323.6 q 343.05 312.9 341.7 303.65 q 339.75 290.25 328.55 267.65 q 322.2 254.8 321.05 249.25 q 318.7 238.05 326.2 231.4 q 336.1 225.4 342.75 225.75 q 345.95 225.95 349.95 227.8 q 352.25 228.9 356.6 231.35 q 373.05 240.05 388.75 236.15 q 395.2 234.55 406.85 229.35 q 418.85 224.05 424.9 222.4 q 441.6 217.95 455.9 220.25 h c
f 0 0 s 1 #396 1 m -40.25 -69.5 l 46.85 -69.5
f #a5deec 1 m 63.7 -82.75 q 58.75 -94.65 44.75 -96.7 q 35.6 -98.05 19.65 -94.95 q 14.4 -93.8 6.65 -90.45 q -6.15 -85 -6.2 -84.95 q -21.75 -79 -32.7 -83.15 q -36.45 -84.6 -42.1 -87.6 q -47.15 -90.35 -49.6 -91.05 q -57.35 -93.45 -68.45 -86.55 l -68.4 -86.55 q -73.6 -82.3 -73.8 -74.75 q -74 -68.35 -70.65 -61.35 q -60 -40.05 -57.4 -31.5 q -52.55 -15.25 -56.25 1 q -62 23.4 -62.75 31.95 q -64.35 49.3 -57.15 62.5 q -53.35 69.75 -46.3 77.15 q -38.9 85.1 -32.3 88.25 q -19.8 94.45 3.05 87.8 q 24.1 81.15 28.6 79.45 q 43.15 73.8 51.9 66.45 q 64.9 55.55 67.6 36.8 q 69.8 21.35 65 2.3 q 63.95 -1.65 61.35 -7.55 q 57.65 -15.9 57.2 -17.15 q 52.8 -28.5 56.25 -36.95 q 63.2 -53.75 64.55 -59.35 q 67.7 -72.15 63.7 -82.75 c
f #000 1 m 344.5 174.1 q 343.9 173.55 343 174 q 342.1 174.4 342.15 175.2 l 343.85 221.85 q 343.05 221.65 342.45 222.55 q 341.6 223.8 342.75 224.65 l 379.05 250.9 q 379.9 251.55 382.5 251.1 q 383.85 250.85 385.95 250.3 l 451.85 240.3 q 453.05 240.1 453.05 238.95 l 455.8 164.6 q 455.85 163.45 454.8 163.05 q 453.75 162.7 453.05 163.6 l 426.35 196.3 l 408.5 166.5 q 408.05 165.8 407.25 165.7 q 406.4 165.6 405.9 166.3 l 379.6 203.95 l 344.5 174.1 m 424.8 199.55 q 425.25 200.3 426.05 200.4 q 426.85 200.45 427.4 199.75 l 452.6 168.8 l 450.1 237.5 l 381.35 247.95 q 380.65 248.05 380.2 248.05 l 346.9 223.9 l 345.2 178.65 l 379.05 207.4 q 380.2 208.35 381.15 207.05 l 407 169.95 l 424.8 199.55 h c
f #f5d044 1 m 40.45 -155.45 l 12.3 -121 l -6.75 -152.75 l -33.95 -113.75 l -70.2 -144.55 l -68.4 -95.6 l -70.2 -96.5 l -33.95 -70.2 l 37.7 -81.1 l 40.45 -155.45 c
f 0 0 s 1 #396 1 m -40.25 -69.55 l 46.85 -69.55
f #fff 1 m -22 -20 l -22 20 l 18 20 l 18 -20 l -22 -20 c
f #ccc 1 m 1541.2 770.6 l 1541.2 2.6 l 5.15 2.6 l 5.15 770.6 l 1541.2 770.6 c